mean_dir /home/juan/Multicomponent_Color_Gradient/JET_VTK/Re5000_We2000/mean_profiles
radial_sample_count 66000
D 14.0
U_jet 0.0500000007
B 6.5437083189949705
y0 50.42832501969275
hussein_r_half_over_y_minus_y0 0.09632634867890462
slice_D y_index r_half S S_over_hussein
10 140 6.48003854 0.0723447289 0.751037799
11 154 7.36245272 0.0710855812 0.737966114
12 168 8.81905823 0.0750100586 0.778707588
13 182 10.6505055 0.080948316 0.840354868
14 196 12.2001568 0.0838085896 0.870048442
15 210 13.627404 0.0853998932 0.886568362
